0
0
0
0
12.7
0
0
0
4.2
0
20.7
11
0
0
0
0
0
14.7
14.2
0
8.4
0
0
0
0
0
0
0
20.9
0
0
0
15.1
0
0
0
0
0
21.3
7.6
21.3
0
11.7
0
0
0
0
0
35.4
0
0
0
0
0
0
0
18.2
13.7
20.3
0
0
0
0
0
0
0
0
11.6
0
0
0
0
0
0
33.4
0
0
0
0
0
0
0
0
0
0
0
32.7
0
25.2
0
13.9
0
43
0
0
0
0
0
0
0
18.9
0
0
0
17.1
0
25.8
0
38.8
0
0
0
0
0
0
0
28.5
0.1
37.3
0
7.5
0
0
0
0
0
12.1
12.3
0
0
0
35.9
0
0
8.5
0
24.6
0
0
26.5
0
0
5.3
0
0
30.8
0
4.8
1.1
32.8
0
0
28.1
0
0
0
0
0
5.8
0
0
0
1.5
23
0
0
0
23
0
0
6.5
0
0
1.1
0
0
11.1
14
1.5
4.6
21.7
0
0
2.7
13.9
0
0
0
0
0
16.4
0
0
0
0
0
0
0
3.2
0
0
1.7
3.3
0
4.9
0
0
0
1
0
4.3
0
1.3
11.4
0
1.4
0
0.2
0
0
7.2
0
2.2
0
2.4
0
0
0
0
0
0
0
0
0
0
0
0
3.5
3.9
0
3.6
0.2
0
1.1
2.2
0
0.1
0
0
0
1.3
0
0
0
0
0
0.1
0
0.1
0.4
0
0
0.4
0.2
0
0
0.1
0.1
0
0.1
0
0
0
0
0
0
0
0
0
0
0
0
0
0
0
0.3
0.1
0
0
0.7
0
0.2
0
1.2
0
1.4
0
1.2
0
0
0
0
0.8
0
0.2
0
0.3
0.4
0.5
0
4.2
0
0
1.8
0
0
0
0
0
0
0
4.1
0
0
6.6
0
3.3
0
4.2
0
0
0
0
0.3
0
0
0
0
0
0
0
0
0
2.8
0
0
0
0
1.5
8.6
2.7
17.4
9.1
0
11.8
0
0
15.6
0
0
0.3
0
0
12.2
0
13.6
4.8
0
21.6
0
0
4.8
0
0
0
0
0
0
27.8
18.3
0
0
0
0
19.1
0
0
0
4.7
0
0
16.3
15.9
12.2
0
21.1
0
0
0
20.1
33.3
0
0
0
0
0
0
0
0
0
8.5
0
0
9.8
0
0
0
0
0
0
0
40.9
0
0
0.7
0
0
0
16.1
33.7
0
0
43.9
0
34.8
29.6
15.6
1.8
0
0
0
10.1
0
0
20.1
0
0
0
16.3
0
0
32.6
0
0
0
41.9
4.6
0
11.9
0
0
0
12.7
0
0
0
31.6
11.6
0
6.8
0
0
0
0
0
27
38.5
0
0
0
0
0
0.8
40.5
0
15.9
0
18.8
0
0
0
0
0
21.3
0
0
0
0
38
34.9
0
0
0
0
12.7
0
0
0
4.2
0
20.7
11
0
0
0
0
0
14.7
14.2
0
8.4
0
0
0
0
0
0
0
20.9
0
0
0
15.1
0
0
0
0
0
21.3
7.6
21.3
0
11.7
0
0
0
0
0
35.4
0
0
0
0
0
0
0
18.2
13.7
20.3
0
0
0
0
0
0
0
0
11.6
0
0
0
0
0
0
33.4
0
0
0
0
0
0
0
0
0
0
0
32.7
0
25.2
0
13.9
0
43
0
0
0
0
0
0
0
18.9
0
0
0
17.1
0
25.8
0
38.8
0
0
0
0
0
0
0
28.5
0.1
37.3
0
7.5
0
0
0
0
0
12.1
12.3
0
0
0
35.9
0
0
8.5
0
24.6
0
0
26.5
0
0
5.3
0
0
30.8
0
4.8
1.1
32.8
0
0
28.1
0
0
0
0
0
5.8
0
0
0
1.5
23
0
0
0
23
0
0
6.5
0
0
1.1
0
0
11.1
14
1.5
4.6
21.7
0
0
2.7
13.9
0
0
0
0
0
16.4
0
0
0
0
0
0
0
3.2
0
0
1.7
3.3
0
4.9
0
0
0
1
0
4.3
0
1.3
11.4
0
1.4
0
0.2
0
0
7.2
0
2.2
0
2.4
0
0
0
0
0
